// Upper board evaluation
-3 -3 -2 -2 -2 -2 -2 -2 -2 -2 -3 -3
-2 +1 +0 +0 +0 +0 +0 +0 +0 +0 +1 -2
-2 +0 +2 +2 +2 +3 +3 +2 +2 +2 +0 -2
-2 +2 +2 +3 +4 +5 +5 +4 +3 +2 +2 -2
-2 +2 +2 +3 +4 +5 +5 +4 +3 +2 +2 -2
-2 +0 +2 +2 +2 +3 +3 +2 +2 +2 +0 -2
-2 +1 +0 +0 +0 +0 +0 +0 +0 +0 +1 -2
-3 -3 -2 -2 -2 -2 -2 -2 -2 -2 -3 -3

// Middle board evaluation (irrelevant)
-0 -0 -0 -0 -0 -0 -0 -0 -0 -0 -0 -0
-0 -0 -0 -0 -0 -0 -0 -0 -0 -0 -0 -0
-0 -0 -0 -0 -0 -0 -0 -0 -0 -0 -0 -0
-0 -0 -0 -0 -0 -0 -0 -0 -0 -0 -0 -0
-0 -0 -0 -0 -0 -0 -0 -0 -0 -0 -0 -0
-0 -0 -0 -0 -0 -0 -0 -0 -0 -0 -0 -0
-0 -0 -0 -0 -0 -0 -0 -0 -0 -0 -0 -0
-0 -0 -0 -0 -0 -0 -0 -0 -0 -0 -0 -0

// Lower board evaluation (irrelevant)
-0 -0 -0 -0 -0 -0 -0 -0 -0 -0 -0 -0
-0 -0 -0 -0 -0 -0 -0 -0 -0 -0 -0 -0
-0 -0 -0 -0 -0 -0 -0 -0 -0 -0 -0 -0
-0 -0 -0 -0 -0 -0 -0 -0 -0 -0 -0 -0
-0 -0 -0 -0 -0 -0 -0 -0 -0 -0 -0 -0
-0 -0 -0 -0 -0 -0 -0 -0 -0 -0 -0 -0
-0 -0 -0 -0 -0 -0 -0 -0 -0 -0 -0 -0
-0 -0 -0 -0 -0 -0 -0 -0 -0 -0 -0 -0