// Upper board evaluation(irrelevant)
-0 -0 -0 -0 -0 -0 -0 -0 -0 -0 -0 -0
-0 -0 -0 -0 -0 -0 -0 -0 -0 -0 -0 -0
-0 -0 -0 -0 -0 -0 -0 -0 -0 -0 -0 -0
-0 -0 -0 -0 -0 -0 -0 -0 -0 -0 -0 -0
-0 -0 -0 -0 -0 -0 -0 -0 -0 -0 -0 -0
-0 -0 -0 -0 -0 -0 -0 -0 -0 -0 -0 -0
-0 -0 -0 -0 -0 -0 -0 -0 -0 -0 -0 -0
-0 -0 -0 -0 -0 -0 -0 -0 -0 -0 -0 -0

// Middle board evaluation
+0 +0 +0 +0 +0 +5 +5 +0 +0 +0 +0 +0
-5 +2 +2 +3 +3 +3 +3 +3 +3 +2 +2 -5
-5 +0 +0 +0 +0 +0 +0 +0 +0 +0 +0 -5
-5 +0 +0 +0 +0 +0 +0 +0 +0 +0 +0 -5
-5 +0 +0 +0 +0 +0 +0 +0 +0 +0 +0 -5
-5 +0 +0 +0 +0 +0 +0 +0 +0 +0 +0 -5
-5 +0 +0 +0 +0 +0 +0 +0 +0 +0 +0 -5
+0 +0 +0 +0 +0 +5 +5 +0 +0 +0 +0 +0

// Lower board evaluation(irrelevant)
-0 -0 -0 -0 -0 -0 -0 -0 -0 -0 -0 -0
-0 -0 -0 -0 -0 -0 -0 -0 -0 -0 -0 -0
-0 -0 -0 -0 -0 -0 -0 -0 -0 -0 -0 -0
-0 -0 -0 -0 -0 -0 -0 -0 -0 -0 -0 -0
-0 -0 -0 -0 -0 -0 -0 -0 -0 -0 -0 -0
-0 -0 -0 -0 -0 -0 -0 -0 -0 -0 -0 -0
-0 -0 -0 -0 -0 -0 -0 -0 -0 -0 -0 -0
-0 -0 -0 -0 -0 -0 -0 -0 -0 -0 -0 -0