// Upper board evaluation
+0 +0 +0 +0 +0 +0 +0 +0 +0 +0 +0 +0
+5 +5 +5 +5 +5 +5 +5 +5 +5 +5 +5 +5
+2 +2 +2 +3 +3 +4 +4 +3 +3 +2 +2 +2
+1 +1 +2 +2 +3 +4 +4 +3 +2 +2 +1 +1
+0 +0 +0 +0 +3 +3 +3 +3 +0 +0 +0 +0
+0 +0 +0 +0 +3 +3 +3 +3 +0 +0 +0 +0
+1 +2 +2 -1 -3 -4 -4 -3 -1 +2 +2 +1
+0 +0 +0 +0 +0 +0 +0 +0 +0 +0 +0 +0

// Middle board evaluation
+0 +0 +0 +0 +0 +0 +0 +0 +0 +0 +0 +0
+0 +0 +0 +0 +0 +0 +0 +0 +0 +0 +0 +0
+0 +0 +0 +0 +0 +0 +0 +0 +0 +0 +0 +0
+0 +0 +0 +0 +0 +0 +0 +0 +0 +0 +0 +0
+0 +0 +0 +0 +0 +0 +0 +0 +0 +0 +0 +0
+0 +0 +0 +0 +0 +0 +0 +0 +0 +0 +0 +0
+0 +0 +0 +0 +0 +0 +0 +0 +0 +0 +0 +0
+0 +0 +0 +0 +0 +0 +0 +0 +0 +0 +0 +0

// Lower board evaluation (irrelevant)
-0 -0 -0 -0 -0 -0 -0 -0 -0 -0 -0 -0
-0 -0 -0 -0 -0 -0 -0 -0 -0 -0 -0 -0
-0 -0 -0 -0 -0 -0 -0 -0 -0 -0 -0 -0
-0 -0 -0 -0 -0 -0 -0 -0 -0 -0 -0 -0
-0 -0 -0 -0 -0 -0 -0 -0 -0 -0 -0 -0
-0 -0 -0 -0 -0 -0 -0 -0 -0 -0 -0 -0
-0 -0 -0 -0 -0 -0 -0 -0 -0 -0 -0 -0
-0 -0 -0 -0 -0 -0 -0 -0 -0 -0 -0 -0