// Upper board evaluation (irrelevant)
-0 -0 -0 -0 -0 -0 -0 -0 -0 -0 -0 -0
-0 -0 -0 -0 -0 -0 -0 -0 -0 -0 -0 -0
-0 -0 -0 -0 -0 -0 -0 -0 -0 -0 -0 -0
-0 -0 -0 -0 -0 -0 -0 -0 -0 -0 -0 -0
-0 -0 -0 -0 -0 -0 -0 -0 -0 -0 -0 -0
-0 -0 -0 -0 -0 -0 -0 -0 -0 -0 -0 -0
-0 -0 -0 -0 -0 -0 -0 -0 -0 -0 -0 -0
-0 -0 -0 -0 -0 -0 -0 -0 -0 -0 -0 -0

// Middle board evaluation
-3 -3 -2 -2 -2 -2 -2 -2 -2 -2 -3 -3
-2 +1 +0 +0 +0 +0 +0 +0 +0 +0 +1 -2
-2 +0 +2 +2 +2 +2 +2 +2 +2 +2 +0 -2
-2 +2 +2 +2 +2 +2 +2 +2 +2 +2 +2 -2
-2 +2 +2 +2 +2 +2 +2 +2 +2 +2 +2 -2
-2 +0 +2 +2 +2 +2 +2 +2 +2 +2 +0 -2
-2 +1 +0 +0 +0 +0 +0 +0 +0 +0 +1 -2
-3 -3 -2 -2 -2 -2 -2 -2 -2 -2 -3 -3

// Lower board evaluation (irrelevant)
-0 -0 -0 -0 -0 -0 -0 -0 -0 -0 -0 -0
-0 -0 -0 -0 -0 -0 -0 -0 -0 -0 -0 -0
-0 -0 -0 -0 -0 -0 -0 -0 -0 -0 -0 -0
-0 -0 -0 -0 -0 -0 -0 -0 -0 -0 -0 -0
-0 -0 -0 -0 -0 -0 -0 -0 -0 -0 -0 -0
-0 -0 -0 -0 -0 -0 -0 -0 -0 -0 -0 -0
-0 -0 -0 -0 -0 -0 -0 -0 -0 -0 -0 -0
-0 -0 -0 -0 -0 -0 -0 -0 -0 -0 -0 -0