// Upper board evaluation
+0 +0 +0 +0 +0 +0 +0 +0 +0 +0 +0 +0
+0 +0 +0 +0 +0 +0 +0 +0 +0 +0 +0 +0
+0 +0 +0 +0 +0 +0 +0 +0 +0 +0 +0 +0
+0 +0 +0 +0 +0 +0 +0 +0 +0 +0 +0 +0
+0 +0 +0 +0 +0 +0 +0 +0 +0 +0 +0 +0
+0 +0 +0 +0 +0 +0 +0 +0 +0 +0 +0 +0
+0 +0 +0 +0 +0 +0 +0 +0 +0 +0 +0 +0
+0 +0 +0 +0 +0 +0 +0 +0 +0 +0 +0 +0

// Middle board evaluation
-5 -5 -4 -4 -3 -3 -3 -3 -4 -4 -5 -5
-4 -3 -1 +0 +0 +0 +0 +0 +0 -1 -3 -4
-3 -1 +0 +1 +2 +2 +2 +2 +1 +0 -1 -3
-3 +0 +1 +2 +3 +3 +3 +3 +2 +1 +0 -3
-3 +1 +2 +3 +4 +5 +5 +4 +3 +2 +1 -3
-3 +0 +1 +2 +3 +3 +3 +3 +2 +1 +0 -3
-4 -3 -1 +0 +0 +0 +0 +0 +0 -1 -3 -4
-5 -5 -4 -4 -3 -3 -3 -3 -4 -4 -5 -5

// Lower board evaluation
+0 +0 +0 +0 +0 +0 +0 +0 +0 +0 +0 +0
+0 +0 +0 +0 +0 +0 +0 +0 +0 +0 +0 +0
+0 +0 +0 +0 +0 +0 +0 +0 +0 +0 +0 +0
+0 +0 +0 +0 +0 +0 +0 +0 +0 +0 +0 +0
+0 +0 +0 +0 +0 +0 +0 +0 +0 +0 +0 +0
+0 +0 +0 +0 +0 +0 +0 +0 +0 +0 +0 +0
+0 +0 +0 +0 +0 +0 +0 +0 +0 +0 +0 +0
+0 +0 +0 +0 +0 +0 +0 +0 +0 +0 +0 +0