3 0 0 1 0
3 0 0 1 2
3 0 0 1 4
3 0 0 1 6
3 0 0 1 8
3 0 0 1 10
3 0 1 6 0
3 0 1 6 2
3 0 1 6 4
3 0 1 6 6
3 0 1 6 8
3 0 1 6 10
3 1 0 0 2
3 1 0 0 9
3 1 1 7 2
3 1 1 7 9
3 2 0 0 5
3 2 1 7 5
2 3 0 1 0
2 3 0 1 1
2 3 0 1 2
2 3 0 1 3
2 3 0 1 4
2 3 0 1 5
2 3 0 1 6
2 3 0 1 7
2 3 0 1 8
2 3 0 1 9
2 3 0 1 10
2 3 0 1 11
2 3 1 6 0
2 3 1 6 1
2 3 1 6 2
2 3 1 6 3
2 3 1 6 4
2 3 1 6 5
2 3 1 6 6
2 3 1 6 7
2 3 1 6 8
2 3 1 6 9
2 3 1 6 10
2 3 1 6 11
2 4 0 0 0 
2 4 0 0 11
2 4 1 7 0
2 4 1 7 11 
2 5 0 0 1
2 5 0 0 10
2 5 1 7 1
2 5 1 7 10
2 6 0 0 2
2 6 0 0 9
2 6 1 7 2
2 6 1 7 9 
2 7 0 0 3
2 7 0 0 8
2 7 1 7 3
2 7 1 7 8
2 8 0 0 4
2 8 1 7 4
2 9 0 0 5
2 9 1 7 5
2 10 0 0 6
2 10 1 7 6 
2 11 0 0 7
2 11 1 7 7 
1 12 0 1 0
1 12 0 1 2
1 12 0 1 4
1 12 0 1 6
1 12 0 1 8
1 12 0 1 10
1 12 1 6 0
1 12 1 6 2
1 12 1 6 4
1 12 1 6 6
1 12 1 6 8
1 12 1 6 10
1 13 0 0 0 
1 13 0 0 11
1 13 1 7 0
1 13 1 7 11
1 14 0 0 5
1 14 1 7 5